#
#
#  Percent Identity  Matrix - created by Clustal2.1 
#
#

     1: AGY29650.2      100.00   64.93   64.93   64.78   64.78   64.78   64.78   64.86   60.64
     2: AHY21469.1       64.93  100.00   99.93   99.48   99.48   99.48   99.48   99.63   68.70
     3: AGH58717.1       64.93   99.93  100.00   99.56   99.56   99.56   99.56   99.70   68.70
     4: K9N5Q8.1         64.78   99.48   99.56  100.00  100.00  100.00  100.00   99.85   68.78
     5: YP_007188579.1   64.78   99.48   99.56  100.00  100.00  100.00  100.00   99.85   68.78
     6: AFY13307.1       64.78   99.48   99.56  100.00  100.00  100.00  100.00   99.85   68.78
     7: AGG22542.1       64.78   99.48   99.56  100.00  100.00  100.00  100.00   99.85   68.78
     8: AFS88936.1       64.86   99.63   99.70   99.85   99.85   99.85   99.85  100.00   68.78
     9: AHY61337.1       60.64   68.70   68.70   68.78   68.78   68.78   68.78   68.78  100.00
