(
YP_009513010.1:0.00000,
AGX27799.1:0.00000,
AGX27810.1:0.01504);
