(
YP_009273005.1:0.00000,
AOG30822.1:0.00000,
AOG30812.1:0.01550);
