#
#
#  Percent Identity  Matrix - created by Clustal2.1 
#
#

     1: QGA70702.1  100.00   99.92   58.87   58.77   58.81   59.11
     2: QGA70692.1   99.92  100.00   58.80   58.69   58.73   59.04
     3: QHA24687.1   58.87   58.80  100.00   68.65   71.28   71.83
     4: QHA24678.1   58.77   58.69   68.65  100.00   70.46   71.06
     5: ASL68953.1   58.81   58.73   71.28   70.46  100.00   94.28
     6: ASL68941.1   59.11   59.04   71.83   71.06   94.28  100.00
