(
Q5MQD0.1:0.14815,
Q0ZME7.1:0.00222,
Q14EB0.1:0.00444);
