#
#
#  Percent Identity  Matrix - created by Clustal2.1 
#
#

     1: ACN89743.1      100.00   89.95   89.95   89.73   89.95   89.88   89.88   89.88   91.05   91.90   91.56   91.71   91.71   91.71   91.64   91.71   83.32   81.90   81.90   82.12   82.12   83.46   83.46   83.97
     2: ACO72893.1       89.95  100.00  100.00   99.70   99.77   99.85   99.85   99.85   91.69   92.47   92.15   92.22   92.22   92.22   92.37   92.30   83.46   81.85   81.85   82.08   82.08   83.30   83.30   83.90
     3: ACO72884.1       89.95  100.00  100.00   99.70   99.77   99.85   99.85   99.85   91.69   92.47   92.15   92.22   92.22   92.22   92.37   92.30   83.46   81.85   81.85   82.08   82.08   83.30   83.30   83.90
     4: P11224.2         89.73   99.70   99.70  100.00   99.77   99.85   99.85   99.85   91.62   92.39   92.07   92.15   92.15   92.15   92.30   92.22   83.38   81.85   81.85   82.08   82.08   83.22   83.22   83.68
     5: ACN89723.1       89.95   99.77   99.77   99.77  100.00   99.92   99.92   99.92   91.69   92.63   92.30   92.37   92.37   92.37   92.37   92.45   83.61   82.00   82.00   82.23   82.23   83.45   83.45   83.75
     6: ACN89689.1       89.88   99.85   99.85   99.85   99.92  100.00  100.00  100.00   91.77   92.55   92.22   92.30   92.30   92.30   92.45   92.37   83.54   81.93   81.93   82.16   82.16   83.37   83.37   83.83
     7: ACN89777.1       89.88   99.85   99.85   99.85   99.92  100.00  100.00  100.00   91.77   92.55   92.22   92.30   92.30   92.30   92.45   92.37   83.54   81.93   81.93   82.16   82.16   83.37   83.37   83.83
     8: ACN89760.1       89.88   99.85   99.85   99.85   99.92  100.00  100.00  100.00   91.77   92.55   92.22   92.30   92.30   92.30   92.45   92.37   83.54   81.93   81.93   82.16   82.16   83.37   83.37   83.83
     9: Q02385.1         91.05   91.69   91.69   91.62   91.69   91.77   91.77   91.77  100.00   99.03   98.98   99.35   99.35   99.35   99.35   99.27   82.97   81.10   81.10   81.25   81.25   81.93   81.93   82.81
    10: P11225.1         91.90   92.47   92.47   92.39   92.63   92.55   92.55   92.55   99.03  100.00   99.43   99.60   99.60   99.60   99.60   99.68   85.73   83.77   83.77   84.17   84.17   84.74   84.74   85.31
    11: ACN89763.1       91.56   92.15   92.15   92.07   92.30   92.22   92.22   92.22   98.98   99.43  100.00   99.64   99.64   99.64   99.64   99.71   83.41   81.54   81.54   81.69   81.69   82.37   82.37   83.10
    12: P22432.1         91.71   92.22   92.22   92.15   92.37   92.30   92.30   92.30   99.35   99.60   99.64  100.00  100.00  100.00   99.85   99.93   83.48   81.62   81.62   81.76   81.76   82.44   82.44   83.17
    13: AAB19590.1       91.71   92.22   92.22   92.15   92.37   92.30   92.30   92.30   99.35   99.60   99.64  100.00  100.00  100.00   99.85   99.93   83.48   81.62   81.62   81.76   81.76   82.44   82.44   83.17
    14: YP_209233.1      91.71   92.22   92.22   92.15   92.37   92.30   92.30   92.30   99.35   99.60   99.64  100.00  100.00  100.00   99.85   99.93   83.48   81.62   81.62   81.76   81.76   82.44   82.44   83.17
    15: ACN89705.1       91.64   92.37   92.37   92.30   92.37   92.45   92.45   92.45   99.35   99.60   99.64   99.85   99.85   99.85  100.00   99.93   83.41   81.54   81.54   81.69   81.69   82.37   82.37   83.25
    16: ACN89696.1       91.71   92.30   92.30   92.22   92.45   92.37   92.37   92.37   99.27   99.68   99.71   99.93   99.93   99.93   99.93  100.00   83.48   81.62   81.62   81.76   81.76   82.44   82.44   83.17
    17: ACN89742.1       83.32   83.46   83.46   83.38   83.61   83.54   83.54   83.54   82.97   85.73   83.41   83.48   83.48   83.48   83.41   83.48  100.00   88.82   88.82   89.19   89.19   90.45   90.45   91.26
    18: YP_003029848.1   81.90   81.85   81.85   81.85   82.00   81.93   81.93   81.93   81.10   83.77   81.54   81.62   81.62   81.62   81.54   81.62   88.82  100.00  100.00   97.65   97.65   90.95   90.95   92.28
    19: ACT11042.1       81.90   81.85   81.85   81.85   82.00   81.93   81.93   81.93   81.10   83.77   81.54   81.62   81.62   81.62   81.54   81.62   88.82  100.00  100.00   97.65   97.65   90.95   90.95   92.28
    20: Q9IKD1.1         82.12   82.08   82.08   82.08   82.23   82.16   82.16   82.16   81.25   84.17   81.69   81.76   81.76   81.76   81.69   81.76   89.19   97.65   97.65  100.00  100.00   91.10   91.10   92.43
    21: AAF97738.1       82.12   82.08   82.08   82.08   82.23   82.16   82.16   82.16   81.25   84.17   81.69   81.76   81.76   81.76   81.69   81.76   89.19   97.65   97.65  100.00  100.00   91.10   91.10   92.43
    22: AAF19386.1       83.46   83.30   83.30   83.22   83.45   83.37   83.37   83.37   81.93   84.74   82.37   82.44   82.44   82.44   82.37   82.44   90.45   90.95   90.95   91.10   91.10  100.00  100.00   93.16
    23: AAF68923.1       83.46   83.30   83.30   83.22   83.45   83.37   83.37   83.37   81.93   84.74   82.37   82.44   82.44   82.44   82.37   82.44   90.45   90.95   90.95   91.10   91.10  100.00  100.00   93.16
    24: AFD97607.1       83.97   83.90   83.90   83.68   83.75   83.83   83.83   83.83   82.81   85.31   83.10   83.17   83.17   83.17   83.25   83.17   91.26   92.28   92.28   92.43   92.43   93.16   93.16  100.00
