#
#
#  Percent Identity  Matrix - created by Clustal2.1 
#
#

     1: AIA62352.1  100.00   96.44   96.44   95.64   95.71   95.86   95.71
     2: Q0Q4F2.1     96.44  100.00  100.00   96.89   97.04   97.19   97.04
     3: ABG47052.1   96.44  100.00  100.00   96.89   97.04   97.19   97.04
     4: ABN10866.1   95.64   96.89   96.89  100.00   98.52   98.67   98.52
     5: ABN10857.1   95.71   97.04   97.04   98.52  100.00   99.85   99.85
     6: ABN10848.1   95.86   97.19   97.19   98.67   99.85  100.00   99.85
     7: ABN10839.1   95.71   97.04   97.04   98.52   99.85   99.85  100.00
